   9.8300000e+02
   4.8752575e+00
   5.1743343e+00
   3.3752956e+00
   4.8752575e+00
   6.3752193e+00
   6.0746166e+00
   4.4251164e+00
   5.9250782e+00
   6.8253605e+00
   5.1743343e+00
   6.6742962e+00
   6.9748989e+00
   6.9748989e+00
   6.9748989e+00
   7.7241169e+00
   7.2755016e+00
   6.8253605e+00
   8.6243992e+00
   9.8252842e+00
   7.2755016e+00
   7.5745785e+00
   8.1742580e+00
   1.0574502e+01
   9.2240787e+00
   1.1474784e+01
   7.2755016e+00
   7.5745785e+00
   9.3751431e+00
   9.3751431e+00
   1.0875105e+01
   8.9250019e+00
   9.0745403e+00
   6.3752193e+00
   5.3253986e+00
   5.6244755e+00
   7.2755016e+00
   7.5745785e+00
   6.6742962e+00
   3.9749752e+00
  -8.2551308e-01
  -4.4251164e+00
  -3.0746929e+00
  -1.8753338e+00
  -3.3752956e+00
  -3.3752956e+00
  -5.6260014e+00
  -8.0247196e+00
  -1.1625849e+01
  -1.2526131e+01
  -1.5526055e+01
  -1.9125658e+01
  -2.1075761e+01
  -2.2725261e+01
  -2.3324941e+01
  -2.4376287e+01
  -2.7525750e+01
  -2.9326314e+01
  -2.9776455e+01
  -3.1726558e+01
  -3.4276341e+01
  -3.4575418e+01
  -3.6226444e+01
  -3.6525521e+01
  -3.5925841e+01
  -3.8475624e+01
  -3.9075303e+01
  -3.7875944e+01
  -3.7575341e+01
  -3.7276265e+01
  -3.3975738e+01
  -2.8276493e+01
  -2.6025788e+01
  -1.9874876e+01
  -1.4325170e+01
  -1.0125887e+01
  -6.9748989e+00
  -4.8752575e+00
  -5.9250782e+00
  -4.4251164e+00
  -5.3253986e+00
  -4.8752575e+00
  -7.4250401e+00
  -6.5247578e+00
  -8.9250019e+00
  -8.6259251e+00
  -1.1775387e+01
  -1.2675669e+01
  -1.3125811e+01
  -1.2825208e+01
  -1.5976196e+01
  -1.7625696e+01
  -2.0325017e+01
  -2.2876326e+01
  -2.5125505e+01
  -2.7675288e+01
  -3.2625315e+01
  -3.6525521e+01
  -3.8925765e+01
  -4.1925689e+01
  -4.1776150e+01
  -4.2075227e+01
  -4.5676356e+01
  -4.5076677e+01
  -4.5076677e+01
  -4.5375753e+01
  -4.5076677e+01
  -4.4325933e+01
  -4.2525368e+01
  -4.2525368e+01
  -4.1776150e+01
  -3.9975586e+01
  -3.9975586e+01
  -3.9826047e+01
  -3.8326085e+01
  -3.8176547e+01
  -3.5925841e+01
  -3.4425879e+01
  -3.3226520e+01
  -2.9025711e+01
  -2.8276493e+01
  -2.4975967e+01
  -2.1525902e+01
  -1.9874876e+01
  -1.7026017e+01
  -1.5825132e+01
  -1.4175631e+01
  -1.0725566e+01
  -7.4250401e+00
  -5.6260014e+00
  -3.8254368e+00
  -3.0746929e+00
   2.3239490e+00
   3.6743725e+00
   4.8752575e+00
   8.6243992e+00
   8.9250019e+00
   1.2825208e+01
   1.4024567e+01
   1.4924849e+01
   1.8225376e+01
   1.8374914e+01
   2.0924697e+01
   2.0325017e+01
   2.3175402e+01
   2.1824979e+01
   2.4075685e+01
   2.4824903e+01
   2.5125505e+01
   2.4824903e+01
   2.5424582e+01
   2.6175326e+01
   2.7525750e+01
   2.3924620e+01
   2.1074235e+01
   1.6725414e+01
   1.1924926e+01
   1.1174182e+01
   9.0745403e+00
   5.7740139e+00
   3.5248341e+00
   2.3239490e+00
  -9.7505150e-01
  -1.4251926e+00
  -4.4251164e+00
  -5.6260014e+00
  -9.9748226e+00
  -1.0275425e+01
  -1.2675669e+01
  -1.7325093e+01
  -2.4075685e+01
  -2.4225223e+01
  -1.9725338e+01
  -3.0075532e+01
  -2.7675288e+01
  -2.6475929e+01
  -2.6926070e+01
  -2.7675288e+01
  -3.0075532e+01
  -3.0225071e+01
  -3.1575494e+01
  -3.4575418e+01
  -3.3675135e+01
  -3.6525521e+01
  -3.6075380e+01
  -3.7276265e+01
  -3.7875944e+01
  -3.7726406e+01
  -3.9375906e+01
  -3.9375906e+01
  -4.1475547e+01
  -4.0126650e+01
  -4.0425727e+01
  -4.2075227e+01
  -4.2075227e+01
  -4.2676432e+01
  -4.2075227e+01
  -4.3726253e+01
  -4.4025330e+01
  -4.4776074e+01
  -4.3126574e+01
  -4.3576715e+01
  -4.0276188e+01
  -3.8925765e+01
  -3.4876020e+01
  -3.3376059e+01
  -2.9326314e+01
  -2.4525826e+01
  -1.8525978e+01
  -1.3275349e+01
  -6.8253605e+00
   1.1245899e+00
   5.1743343e+00
   1.0275425e+01
   1.1174182e+01
   1.1024643e+01
   1.0124361e+01
   5.9250782e+00
   6.9748989e+00
   5.6244755e+00
   3.3752956e+00
   1.7242695e+00
  -7.4769207e-02
  -1.7257954e+00
  -2.7756161e+00
  -6.0761425e+00
  -1.1924926e+01
  -1.5825132e+01
  -1.8374914e+01
  -2.3476005e+01
  -2.8575570e+01
  -3.2326238e+01
  -3.6975662e+01
  -4.0425727e+01
  -4.2375830e+01
  -4.2525368e+01
  -4.5676356e+01
  -4.3126574e+01
  -4.5676356e+01
  -4.5676356e+01
  -4.5676356e+01
  -4.5825895e+01
  -4.6126497e+01
  -4.5076677e+01
  -4.6126497e+01
  -4.5375753e+01
  -4.4325933e+01
  -4.0875868e+01
  -4.2075227e+01
  -4.1025406e+01
  -3.9975586e+01
  -4.1176471e+01
  -3.9826047e+01
  -3.6676585e+01
  -3.5625238e+01
  -3.3075456e+01
  -3.1575494e+01
  -3.0975814e+01
  -2.7225147e+01
  -2.6175326e+01
  -2.3476005e+01
  -2.0926223e+01
  -1.6725414e+01
  -1.4775311e+01
  -1.0725566e+01
  -7.7256428e+00
  -4.7257191e+00
  -8.2551308e-01
   1.4251926e+00
   2.3239490e+00
   7.5745785e+00
   7.7241169e+00
   1.2225528e+01
   1.5074388e+01
   1.4775311e+01
   1.7474632e+01
   1.9125658e+01
   2.1974517e+01
   2.3175402e+01
   2.5125505e+01
   2.8274968e+01
   2.6175326e+01
   2.7075608e+01
   2.6175326e+01
   2.7374685e+01
   2.7525750e+01
   2.6175326e+01
   2.4824903e+01
   2.4374762e+01
   2.4075685e+01
   2.2424659e+01
   2.3924620e+01
   2.3324941e+01
   2.1974517e+01
   2.0775158e+01
   1.9125658e+01
   1.6574350e+01
   1.4024567e+01
   1.3574426e+01
   1.1775387e+01
   1.1775387e+01
   1.0725566e+01
   1.1174182e+01
   9.9748226e+00
   9.0745403e+00
   9.8252842e+00
   8.6243992e+00
   8.1742580e+00
   8.6243992e+00
   8.9250019e+00
   9.8252842e+00
   8.9250019e+00
   1.0574502e+01
   9.2240787e+00
   1.1174182e+01
   9.8252842e+00
   1.1024643e+01
   9.9748226e+00
   9.3751431e+00
   9.2240787e+00
   8.3253223e+00
   5.9250782e+00
   6.3752193e+00
   3.5248341e+00
   1.8753338e+00
  -9.7505150e-01
  -6.3752193e+00
  -1.0875105e+01
  -1.3875029e+01
  -1.8075837e+01
  -1.9275196e+01
  -1.9874876e+01
  -2.0025940e+01
  -2.2426184e+01
  -2.3324941e+01
  -2.5125505e+01
  -2.8125429e+01
  -2.9475853e+01
  -3.1125353e+01
  -3.2326238e+01
  -3.2776379e+01
  -3.6826123e+01
  -3.7276265e+01
  -3.8625162e+01
  -3.9525444e+01
  -4.0726329e+01
  -4.1776150e+01
  -4.2375830e+01
  -4.4325933e+01
  -4.3726253e+01
  -4.3425650e+01
  -4.3425650e+01
  -4.5375753e+01
  -4.4176394e+01
  -4.2525368e+01
  -4.3276112e+01
  -4.2525368e+01
  -4.2676432e+01
  -4.0425727e+01
  -4.0126650e+01
  -3.9826047e+01
  -3.7575341e+01
  -3.6226444e+01
  -3.6676585e+01
  -3.3376059e+01
  -3.1876097e+01
  -2.9475853e+01
  -2.9025711e+01
  -2.7675288e+01
  -2.4376287e+01
  -2.2575723e+01
  -2.1525902e+01
  -1.9725338e+01
  -2.0325017e+01
  -1.8225376e+01
  -1.7325093e+01
  -1.4325170e+01
  -1.3275349e+01
  -1.3125811e+01
  -1.1474784e+01
  -1.0275425e+01
  -9.3751431e+00
  -8.3253223e+00
  -7.7256428e+00
  -4.8752575e+00
  -2.3254749e+00
   6.7444877e-01
   3.2242313e+00
   6.9748989e+00
   8.6243992e+00
   9.5246815e+00
   1.0124361e+01
   1.0725566e+01
   1.2375067e+01
   1.3725490e+01
   1.4325170e+01
   1.3574426e+01
   1.1924926e+01
   1.2674144e+01
   1.1024643e+01
   1.0725566e+01
   9.2240787e+00
   1.1924926e+01
   1.0574502e+01
   9.0745403e+00
   9.9748226e+00
   9.8252842e+00
   7.8751812e+00
   9.0745403e+00
   1.0574502e+01
   8.9250019e+00
   7.8751812e+00
   4.8752575e+00
   3.3752956e+00
   2.3239490e+00
  -6.7597467e-01
  -2.3254749e+00
  -4.2755779e+00
  -8.0247196e+00
  -1.0275425e+01
  -1.2375067e+01
  -1.5976196e+01
  -2.0775158e+01
  -2.4975967e+01
  -2.6775006e+01
  -3.1876097e+01
  -3.3226520e+01
  -3.6826123e+01
  -3.9075303e+01
  -4.1025406e+01
  -4.1475547e+01
  -4.1925689e+01
  -4.2525368e+01
  -4.4325933e+01
  -4.3726253e+01
  -4.5676356e+01
  -4.4925612e+01
  -4.5975433e+01
  -4.6126497e+01
  -4.4925612e+01
  -4.6726177e+01
  -4.6425574e+01
  -4.5226215e+01
  -4.5375753e+01
  -4.4176394e+01
  -4.3726253e+01
  -4.4925612e+01
  -4.3425650e+01
  -4.3425650e+01
  -4.2525368e+01
  -4.1776150e+01
  -4.0276188e+01
  -4.0276188e+01
  -3.6975662e+01
  -3.5176623e+01
  -3.2776379e+01
  -3.0376135e+01
  -3.0225071e+01
  -2.6926070e+01
  -2.3476005e+01
  -2.2275120e+01
  -2.0775158e+01
  -1.7625696e+01
  -1.7775235e+01
  -1.2526131e+01
  -1.0576028e+01
  -7.7256428e+00
  -6.3752193e+00
  -9.7505150e-01
   1.8753338e+00
   3.3752956e+00
   6.8253605e+00
   6.9748989e+00
   1.0124361e+01
   1.4024567e+01
   1.5675593e+01
   1.8524453e+01
   2.2424659e+01
   2.3625544e+01
   2.6775006e+01
   2.8725109e+01
   3.2475776e+01
   3.7724880e+01
   3.9075303e+01
   4.0274662e+01
   4.3575189e+01
   4.4475471e+01
   4.7325856e+01
   4.8226139e+01
   5.0025177e+01
   5.0325780e+01
   5.0325780e+01
   5.0475319e+01
   5.0775921e+01
   4.9575036e+01
   4.9875639e+01
   4.7475395e+01
   4.4174868e+01
   3.6075380e+01
   3.2025635e+01
   2.5275044e+01
   2.0924697e+01
   1.8374914e+01
   1.0875105e+01
   7.2755016e+00
   3.2242313e+00
  -8.2551308e-01
  -4.1260395e+00
  -6.0761425e+00
  -1.0275425e+01
  -1.4175631e+01
  -1.5825132e+01
  -1.7625696e+01
  -2.0175479e+01
  -2.0625620e+01
  -2.3324941e+01
  -2.4975967e+01
  -2.5725185e+01
  -2.7376211e+01
  -2.9475853e+01
  -2.8725109e+01
  -3.0225071e+01
  -3.3075456e+01
  -3.5326162e+01
  -3.6525521e+01
  -3.5625238e+01
  -3.6525521e+01
  -3.7425803e+01
  -3.6226444e+01
  -3.6075380e+01
  -3.6226444e+01
  -3.6975662e+01
  -3.3675135e+01
  -3.3675135e+01
  -3.2025635e+01
  -3.4876020e+01
  -3.2025635e+01
  -2.9776455e+01
  -2.9776455e+01
  -2.4826429e+01
  -2.4826429e+01
  -1.8225376e+01
  -1.3875029e+01
  -1.0875105e+01
  -8.0247196e+00
  -1.7257954e+00
   7.4769207e-02
   3.9749752e+00
   7.2755016e+00
   9.0745403e+00
   1.0875105e+01
   1.6124208e+01
   1.9874876e+01
   2.1974517e+01
   2.5424582e+01
   3.0075532e+01
   3.2475776e+01
   3.5625238e+01
   3.7575341e+01
   3.9224842e+01
   3.9525444e+01
   3.9224842e+01
   3.8475624e+01
   3.7724880e+01
   3.8774701e+01
   3.8774701e+01
   3.7875944e+01
   3.6824598e+01
   3.6675059e+01
   3.5625238e+01
   3.3975738e+01
   3.2925917e+01
   2.9475853e+01
   2.4824903e+01
   2.3924620e+01
   1.8225376e+01
   1.5074388e+01
   1.0275425e+01
   4.4251164e+00
   8.2398718e-01
  -5.6260014e+00
  -1.2375067e+01
  -1.6725414e+01
  -2.2575723e+01
  -3.0376135e+01
  -3.1425956e+01
  -3.3376059e+01
  -3.6676585e+01
  -3.6826123e+01
  -3.7575341e+01
  -3.9525444e+01
  -4.1626612e+01
  -4.0425727e+01
  -4.1776150e+01
  -4.2676432e+01
  -4.3726253e+01
  -4.3425650e+01
  -4.2525368e+01
  -4.3276112e+01
  -4.2375830e+01
  -3.8925765e+01
  -3.6975662e+01
  -3.4575418e+01
  -3.2025635e+01
  -3.1425956e+01
  -2.7675288e+01
  -2.4525826e+01
  -2.1976043e+01
  -1.7026017e+01
  -1.3875029e+01
  -1.1175708e+01
  -9.0760662e+00
  -5.1758602e+00
  -3.0746929e+00
  -7.4769207e-02
   2.3239490e+00
   5.0247959e+00
   9.5246815e+00
   1.0275425e+01
   1.5825132e+01
   1.7775235e+01
   1.8524453e+01
   2.1675441e+01
   2.3175402e+01
   2.4974441e+01
   2.4974441e+01
   2.7675288e+01
   2.9774929e+01
   3.0075532e+01
   3.1125353e+01
   3.1725032e+01
   3.0824750e+01
   3.0374609e+01
   2.9324788e+01
   2.7374685e+01
   2.9774929e+01
   2.4824903e+01
   2.1074235e+01
   1.6124208e+01
   9.5246815e+00
   4.1245136e+00
   1.7242695e+00
  -5.6260014e+00
  -9.6757458e+00
  -1.1625849e+01
  -1.4924849e+01
  -1.9725338e+01
  -2.1376364e+01
  -2.6175326e+01
  -2.9175250e+01
  -3.3675135e+01
  -3.4125277e+01
  -3.3975738e+01
  -3.6975662e+01
  -3.9375906e+01
  -4.2676432e+01
  -4.3276112e+01
  -4.6126497e+01
  -4.7475395e+01
  -4.8226139e+01
  -4.8825818e+01
  -4.8975357e+01
  -5.0476844e+01
  -5.0775921e+01
  -5.0476844e+01
  -4.9875639e+01
  -4.7626459e+01
  -4.5076677e+01
  -4.2375830e+01
  -3.7726406e+01
  -2.7225147e+01
  -2.1075761e+01
  -1.5825132e+01
  -9.3751431e+00
  -1.5747311e+00
   4.7241932e+00
   9.8252842e+00
   1.2225528e+01
   1.1474784e+01
   7.7241169e+00
   6.3752193e+00
   3.0746929e+00
  -7.4769207e-02
  -3.9749752e+00
  -6.3752193e+00
  -1.0576028e+01
  -1.4775311e+01
  -1.7325093e+01
  -2.1824979e+01
  -2.4525826e+01
  -2.5876249e+01
  -2.7826352e+01
  -2.5876249e+01
  -3.0075532e+01
  -3.1425956e+01
  -3.4425879e+01
  -3.3525597e+01
  -3.5025559e+01
  -3.7575341e+01
  -4.1025406e+01
  -4.1925689e+01
  -4.1925689e+01
  -4.1626612e+01
  -4.3126574e+01
  -4.0875868e+01
  -4.0875868e+01
  -3.9525444e+01
  -3.8625162e+01
  -3.4425879e+01
  -3.3376059e+01
  -3.2326238e+01
  -2.8575570e+01
  -2.6625467e+01
  -2.2426184e+01
  -1.8675517e+01
  -1.4325170e+01
  -1.1924926e+01
  -6.9748989e+00
  -6.0761425e+00
   2.2430762e-01
   2.0248722e+00
   7.2755016e+00
   7.2755016e+00
   1.2375067e+01
   1.4175631e+01
   1.6574350e+01
   1.7474632e+01
   2.0175479e+01
   2.0024414e+01
   2.0024414e+01
   2.0625620e+01
   2.0625620e+01
   1.9125658e+01
   1.7474632e+01
   1.6124208e+01
   1.5825132e+01
   1.5675593e+01
   1.2674144e+01
   1.2225528e+01
   1.0574502e+01
   8.6243992e+00
   9.2240787e+00
   7.2755016e+00
   6.6742962e+00
   5.6244755e+00
   2.3239490e+00
   1.1245899e+00
  -2.2583352e-01
  -3.3752956e+00
  -5.6260014e+00
  -6.5247578e+00
  -8.6259251e+00
  -8.9250019e+00
  -9.8252842e+00
  -1.1026169e+01
  -1.2526131e+01
  -1.6725414e+01
  -1.9275196e+01
  -2.0325017e+01
  -2.1075761e+01
  -2.2725261e+01
  -2.6025788e+01
  -2.7376211e+01
  -3.0225071e+01
  -3.2776379e+01
  -3.3525597e+01
  -3.5776303e+01
  -3.8475624e+01
  -4.0276188e+01
  -4.2075227e+01
  -4.2075227e+01
  -4.4176394e+01
  -4.3126574e+01
  -4.5676356e+01
  -4.4025330e+01
  -4.7176318e+01
  -4.6726177e+01
  -4.6425574e+01
  -4.6726177e+01
  -4.5076677e+01
  -4.2375830e+01
  -4.0126650e+01
  -3.7726406e+01
  -3.6975662e+01
  -2.9925994e+01
  -2.7826352e+01
  -2.6025788e+01
  -2.1376364e+01
  -1.7775235e+01
  -1.4476234e+01
  -8.6259251e+00
  -5.9250782e+00
  -1.1245899e+00
   4.2740520e+00
   9.2240787e+00
   1.2674144e+01
   1.6424811e+01
   2.1824979e+01
   2.4974441e+01
   3.0675212e+01
   3.1125353e+01
   2.9924468e+01
   2.9924468e+01
   3.0824750e+01
   3.0075532e+01
   2.7374685e+01
   2.4974441e+01
   2.2575723e+01
   2.0175479e+01
   2.0325017e+01
   1.5825132e+01
   1.1924926e+01
   9.3751431e+00
   5.0247959e+00
   4.4251164e+00
   1.5747311e+00
  -1.4251926e+00
  -4.2755779e+00
  -7.5761044e+00
  -8.3253223e+00
  -1.2825208e+01
  -1.4026093e+01
  -1.4924849e+01
  -1.5225452e+01
  -1.5526055e+01
  -1.7775235e+01
  -1.6725414e+01
  -1.8225376e+01
  -2.0926223e+01
  -1.9426261e+01
  -2.0175479e+01
  -2.2575723e+01
  -2.2575723e+01
  -2.5876249e+01
  -2.5876249e+01
  -2.5725185e+01
  -2.6475929e+01
  -2.6926070e+01
  -2.6625467e+01
  -2.6475929e+01
  -2.7376211e+01
  -2.7675288e+01
  -2.6475929e+01
  -2.8426032e+01
  -3.0225071e+01
  -2.9776455e+01
  -3.0075532e+01
  -3.0826276e+01
  -3.0975814e+01
  -3.2776379e+01
  -3.4425879e+01
  -3.3975738e+01
  -3.2776379e+01
  -3.5925841e+01
  -3.5025559e+01
  -3.3525597e+01
  -3.3525597e+01
  -3.4125277e+01
  -3.2776379e+01
  -3.2776379e+01
  -3.2025635e+01
  -3.2776379e+01
  -3.0675212e+01
  -2.9175250e+01
  -3.0675212e+01
  -2.9025711e+01
  -2.9326314e+01
  -2.8276493e+01
  -2.4826429e+01
  -2.4075685e+01
  -2.3926146e+01
  -1.9725338e+01
  -1.8225376e+01
  -1.8374914e+01
  -1.5825132e+01
  -1.2526131e+01
  -1.1474784e+01
  -9.8252842e+00
  -6.3752193e+00
  -3.0746929e+00
  -2.1759365e+00
   3.0746929e+00
   3.5248341e+00
   6.0746166e+00
   6.6742962e+00
   8.1742580e+00
   7.7241169e+00
   7.7241169e+00
   6.6742962e+00
   4.7241932e+00
   4.1245136e+00
   1.4251926e+00
  -9.7505150e-01
  -5.9250782e+00
  -1.1775387e+01
  -1.7625696e+01
  -2.0625620e+01
  -2.5575647e+01
  -2.9776455e+01
  -3.6975662e+01
  -4.3276112e+01
  -4.7626459e+01
  -5.0176242e+01
  -5.0176242e+01
  -4.7775998e+01
  -4.6276036e+01
  -4.1176471e+01
  -3.5326162e+01
  -2.9175250e+01
  -2.3175402e+01
  -1.6575875e+01
  -1.1026169e+01
  -4.4251164e+00
  -7.4769207e-02
   3.9749752e+00
   3.9749752e+00
   3.0746929e+00
   9.7505150e-01
  -9.7505150e-01
  -2.6260777e+00
  -5.7755398e+00
  -1.2675669e+01
  -1.6575875e+01
  -2.3926146e+01
  -2.9475853e+01
  -3.3975738e+01
  -3.6525521e+01
  -3.7425803e+01
  -4.0726329e+01
  -4.0875868e+01
  -4.2375830e+01
  -4.1475547e+01
  -4.1925689e+01
  -4.0126650e+01
  -4.1025406e+01
  -4.0875868e+01
  -4.1626612e+01
  -4.3425650e+01
  -4.4025330e+01
  -4.3576715e+01
  -4.3126574e+01
  -4.2676432e+01
  -3.8625162e+01
  -3.7575341e+01
  -3.3376059e+01
  -3.1575494e+01
  -2.7826352e+01
  -2.5876249e+01
  -2.2876326e+01
  -2.0325017e+01
  -1.9725338e+01
  -1.6575875e+01
  -1.4924849e+01
  -1.3424887e+01
  -1.3125811e+01
  -9.8252842e+00
  -6.8253605e+00
  -4.8752575e+00
  -1.4251926e+00
   6.7444877e-01
   2.0248722e+00
   8.2398718e-01
   1.5747311e+00
   2.4750134e+00
   4.1245136e+00
   5.6244755e+00
   5.6244755e+00
   7.4250401e+00
   6.5247578e+00
   7.2755016e+00
   9.5246815e+00
   8.9250019e+00
   6.3752193e+00
   5.3253986e+00
   5.6244755e+00
   5.3253986e+00
   5.7740139e+00
   4.2740520e+00
   1.4251926e+00
   2.0248722e+00
   6.7444877e-01
   6.7444877e-01
   7.4769207e-02
  -2.4750134e+00
   9.7051957e+01
  -4.4998856e+00
   2.1074998e+01
   1.9875639e+01
   1.8375677e+01
   2.1375601e+01
   1.9124895e+01
   1.9275959e+01
   1.9124895e+01
   2.1074998e+01
   2.0025177e+01
   1.9124895e+01
   1.8075074e+01
   1.9575036e+01
   1.8825818e+01
   1.9875639e+01
   1.7624933e+01
   1.8975357e+01
   1.8525216e+01
   1.8975357e+01
   1.9275959e+01
   1.9726101e+01
   2.0775921e+01
   1.8375677e+01
   1.7174792e+01
   1.9575036e+01
   1.8075074e+01
   1.9726101e+01
   1.8975357e+01
   1.7475395e+01
   1.6724651e+01
   1.7174792e+01
   1.6124971e+01
   1.7925536e+01
   1.9124895e+01
   1.8525216e+01
   1.9875639e+01
   1.9275959e+01
   2.0475319e+01
   1.9124895e+01
   2.1975280e+01
   2.3475242e+01
   2.2275883e+01
   2.1975280e+01
   2.0025177e+01
   1.8975357e+01
   1.8975357e+01
   1.7174792e+01
   1.7325856e+01
   1.5075151e+01
   1.5674830e+01
   1.3425650e+01
   1.2975509e+01
   1.4025330e+01
   1.5224689e+01
   1.3274586e+01
   1.1025406e+01
   9.6749828e+00
   9.6749828e+00
   6.0753796e+00
   3.2249943e+00
   9.7581445e-01
  -7.5532158e-02
  -5.4757000e+00
  -6.3744564e+00
  -9.0753033e+00
  -1.1925689e+01
  -1.2525368e+01
  -1.8525216e+01
  -2.4375525e+01
  -2.4825666e+01
  -2.4825666e+01
  -2.5275807e+01
  -2.7225910e+01
  -2.4975204e+01
  -2.0475319e+01
  -1.4774548e+01
  -9.8245212e+00
  -3.6751354e+00
  -2.2507057e-01
   2.3247120e+00
   8.4756237e+00
   9.6749828e+00
   1.2975509e+01
   1.8075074e+01
   1.9275959e+01
   2.3925383e+01
   2.7524987e+01
   3.2175937e+01
   3.5474937e+01
   3.7125963e+01
   4.2075990e+01
   4.3426413e+01
   4.5376516e+01
   4.5376516e+01
   4.6876478e+01
   4.5825132e+01
   4.5675593e+01
   4.4775311e+01
   4.0875105e+01
   3.8026246e+01
   3.4875257e+01
   3.1875334e+01
   2.9475090e+01
   2.7074846e+01
   2.6025025e+01
   2.1525139e+01
   1.9275959e+01
   1.7925536e+01
   1.5975433e+01
   1.4475471e+01
   1.1174945e+01
   8.1750210e+00
   7.8759442e+00
   6.5255207e+00
   5.0255589e+00
   3.0754559e+00
   7.5532158e-02
  -9.7428855e-01
  -4.8744945e+00
  -6.9756619e+00
  -9.0753033e+00
  -1.2674907e+01
  -1.3724727e+01
  -1.5674830e+01
  -1.6575113e+01
  -1.7475395e+01
  -1.9274434e+01
  -2.0475319e+01
  -2.1674678e+01
  -1.9724575e+01
  -1.8975357e+01
  -1.8674754e+01
  -1.7774472e+01
  -1.9274434e+01
  -1.6575113e+01
  -1.7925536e+01
  -1.6575113e+01
  -1.5525292e+01
  -1.2975509e+01
  -1.2375830e+01
  -1.1174945e+01
  -9.9755856e+00
  -1.0724804e+01
  -8.0254826e+00
  -6.3744564e+00
  -5.4757000e+00
  -3.2249943e+00
  -9.7428855e-01
   1.1253529e+00
   3.0754559e+00
   5.3246357e+00
   1.0125124e+01
   1.4325933e+01
   1.8075074e+01
   2.7074846e+01
   3.1576257e+01
   3.4126040e+01
   3.8625925e+01
   4.0875105e+01
   4.3725490e+01
   4.4476234e+01
   4.6575875e+01
   4.9876402e+01
   4.9876402e+01
   5.1976043e+01
   5.4075685e+01
   5.5575647e+01
   5.8575570e+01
   5.9175250e+01
   6.3075456e+01
   6.0226596e+01
   5.2276646e+01
   5.6926070e+01
   5.9326314e+01
   5.6625467e+01
   5.4826429e+01
   5.6175326e+01
   5.5876249e+01
   5.6025788e+01
   5.5426108e+01
   5.5575647e+01
   5.5125505e+01
   5.5575647e+01
   5.3625544e+01
   5.4376287e+01
   5.5125505e+01
   5.4675364e+01
   5.4525826e+01
   5.1675441e+01
   5.0326543e+01
   4.9275196e+01
   4.8376440e+01
   4.6125734e+01
   4.5976196e+01
   4.4175631e+01
   4.0275425e+01
   3.6076143e+01
   2.4375525e+01
   1.6724651e+01
   1.0125124e+01
   2.4757763e+00
  -4.4243534e+00
  -1.2674907e+01
  -1.9425498e+01
  -2.7524987e+01
  -3.3074693e+01
  -3.8325322e+01
  -4.1175708e+01
  -4.0275425e+01
  -3.9825284e+01
  -3.7725643e+01
  -3.3225757e+01
  -2.4074922e+01
  -1.8075074e+01
  -1.1625086e+01
  -6.0753796e+00
   8.2475013e-01
   5.4757000e+00
   1.1774624e+01
   1.6575113e+01
   2.1674678e+01
   2.6325628e+01
   3.2325475e+01
   3.7275502e+01
   4.1775387e+01
   4.6125734e+01
   5.0326543e+01
   5.2725261e+01
   5.3476005e+01
   5.4525826e+01
   5.4075685e+01
   5.4075685e+01
   5.2276646e+01
   4.9575799e+01
   4.5825132e+01
   4.0875105e+01
   3.6526284e+01
   3.3526360e+01
   3.2925154e+01
   2.7975128e+01
   2.5124743e+01
   2.1525139e+01
   2.1525139e+01
   1.9726101e+01
   1.5975433e+01
   1.4925612e+01
   1.0875868e+01
   8.4756237e+00
   6.6750591e+00
   2.6253147e+00
   7.5532158e-02
  -8.2475013e-01
  -3.3745327e+00
  -5.4757000e+00
  -7.7248798e+00
  -1.1174945e+01
  -1.3425650e+01
  -1.7025254e+01
  -1.9425498e+01
  -2.2124819e+01
  -2.3775845e+01
  -2.6475166e+01
  -2.6925307e+01
  -3.1574731e+01
  -3.0825513e+01
  -3.2325475e+01
  -3.4425116e+01
  -3.5325399e+01
  -3.6825360e+01
  -3.5925078e+01
  -3.7576104e+01
  -3.5925078e+01
  -3.7725643e+01
  -3.5474937e+01
  -3.6675822e+01
  -3.7125963e+01
  -3.3225757e+01
  -3.3225757e+01
  -3.1875334e+01
  -3.0074769e+01
  -2.8875410e+01
  -2.8275731e+01
  -2.3624781e+01
  -1.9425498e+01
  -1.7925536e+01
  -1.5075151e+01
  -9.0753033e+00
  -1.0125124e+01
  -6.5255207e+00
  -5.4757000e+00
  -1.2748913e+00
   2.4757763e+00
   5.3246357e+00
   5.7747768e+00
   8.9257649e+00
   1.2075227e+01
   1.3575189e+01
   1.4776074e+01
   1.6575113e+01
   1.6124971e+01
   1.8375677e+01
   1.9875639e+01
   2.2275883e+01
   2.2875563e+01
   2.3475242e+01
   2.7074846e+01
   2.5275807e+01
   2.7975128e+01
   2.9024949e+01
   2.9475090e+01
   3.0825513e+01
   3.1725795e+01
   3.3825437e+01
   3.5026322e+01
   3.6675822e+01
   3.8175784e+01
   3.9225605e+01
   4.2526131e+01
   4.3426413e+01
   4.3275349e+01
   4.4175631e+01
   4.7325093e+01
   4.9575799e+01
   5.1976043e+01
   5.3926146e+01
   5.5125505e+01
   6.1125353e+01
   6.2176699e+01
   6.2176699e+01
   5.8276493e+01
   5.4675364e+01
   5.4525826e+01
   5.4376287e+01
   5.6025788e+01
   5.6175326e+01
   5.6175326e+01
   5.6625467e+01
   5.6926070e+01
   5.6025788e+01
   5.7075608e+01
   5.6175326e+01
   5.5125505e+01
   5.3625544e+01
   5.3625544e+01
   5.2276646e+01
   4.9275196e+01
   4.9275196e+01
   4.6575875e+01
   4.4175631e+01
   4.2526131e+01
   4.1026169e+01
   3.9526207e+01
   3.7425040e+01
   3.6225681e+01
   3.4126040e+01
   3.0825513e+01
   3.0076295e+01
   2.7375448e+01
   2.1375601e+01
   1.8075074e+01
   1.4025330e+01
   9.2248417e+00
   4.5754177e+00
   5.2567330e-01
  -3.9742123e+00
  -7.2747387e+00
  -1.1475547e+01
  -1.6875715e+01
  -1.8075074e+01
  -2.4375525e+01
  -2.6925307e+01
  -3.1126116e+01
  -3.5474937e+01
  -3.7725643e+01
  -3.8775463e+01
  -4.0125887e+01
  -4.3424887e+01
  -4.6426337e+01
  -4.4325170e+01
  -4.8225376e+01
  -4.8675517e+01
  -5.2876326e+01
  -5.4376287e+01
  -5.4525826e+01
  -5.6775006e+01
  -5.6025788e+01
  -5.4975967e+01
  -5.1976043e+01
  -4.9575799e+01
  -4.3424887e+01
  -4.0275425e+01
  -3.9076066e+01
  -3.5925078e+01
  -3.1574731e+01
  -2.7975128e+01
  -2.1825742e+01
  -1.7025254e+01
  -1.3125048e+01
  -8.0254826e+00
  -4.1252766e+00
   6.7521172e-01
   3.9757382e+00
   8.1750210e+00
   1.1925689e+01
   1.5975433e+01
   1.9124895e+01
   2.4525063e+01
   2.4525063e+01
   2.9325551e+01
   3.0076295e+01
   3.3974975e+01
   3.6375219e+01
   4.2825208e+01
   4.5075914e+01
   4.8075837e+01
   4.9876402e+01
   5.3476005e+01
   5.5125505e+01
   5.7675288e+01
   5.9025711e+01
   5.9475853e+01
   5.9925994e+01
   5.8726635e+01
   5.9326314e+01
   5.5276570e+01
   5.4826429e+01
   5.3625544e+01
   5.1376364e+01
   4.7325093e+01
   4.4476234e+01
   4.1625849e+01
   3.9825284e+01
   3.9675746e+01
   3.5626001e+01
   3.3974975e+01
   3.2475013e+01
   3.0225834e+01
   3.0675975e+01
   2.9024949e+01
   2.7375448e+01
   2.5275807e+01
   2.4825666e+01
   2.2425422e+01
   2.0775921e+01
   1.7624933e+01
   1.4776074e+01
   1.3274586e+01
   1.0274662e+01
   7.2747387e+00
   4.1252766e+00
   5.2567330e-01
  -9.7428855e-01
  -4.7249561e+00
  -6.9756619e+00
  -9.8245212e+00
  -1.4025330e+01
  -1.6425574e+01
  -1.8825818e+01
  -2.2875563e+01
  -2.4225986e+01
  -2.6624704e+01
  -2.8425269e+01
  -2.9775692e+01
  -3.2925154e+01
  -3.5626001e+01
  -3.6675822e+01
  -3.8325322e+01
  -3.8325322e+01
  -3.9974823e+01
  -4.1775387e+01
  -4.1474784e+01
  -4.3875029e+01
  -4.2225528e+01
  -4.3875029e+01
  -4.3275349e+01
  -4.4924849e+01
  -4.2675669e+01
  -4.3725490e+01
  -4.3125811e+01
  -4.1474784e+01
  -4.1625849e+01
  -4.3125811e+01
  -3.8775463e+01
  -4.0576028e+01
  -3.7425040e+01
  -3.6225681e+01
  -3.3825437e+01
  -3.1875334e+01
  -2.7225910e+01
  -2.4975204e+01
  -2.3025101e+01
  -1.9724575e+01
  -1.4774548e+01
  -9.8245212e+00
  -5.7747768e+00
  -8.2475013e-01
   4.8744945e+00
   1.1925689e+01
   2.4525063e+01
   3.0825513e+01
   3.5026322e+01
   3.9825284e+01
   4.3275349e+01
   4.6426337e+01
   5.0476081e+01
   5.2276646e+01
   5.3476005e+01
   5.6776532e+01
   5.6926070e+01
   5.7826352e+01
   5.7975891e+01
   5.9326314e+01
   5.9776455e+01
   6.0075532e+01
   6.0376135e+01
   5.8426032e+01
   5.9025711e+01
   5.5575647e+01
   5.4675364e+01
   5.4675364e+01
   5.3625544e+01
   4.9575799e+01
   4.8525978e+01
   4.5075914e+01
   3.9225605e+01
   3.4875257e+01
   3.0975051e+01
   2.4825666e+01
   2.3475242e+01
   1.8375677e+01
   1.5224689e+01
   1.1925689e+01
   7.8759442e+00
   3.0754559e+00
   1.4244297e+00
  -3.2249943e+00
  -5.3246357e+00
  -9.3743801e+00
  -1.1625086e+01
  -1.7774472e+01
  -2.2875563e+01
  -3.2475013e+01
  -3.7725643e+01
  -3.9526207e+01
  -4.3725490e+01
  -4.7325093e+01
  -4.9575799e+01
  -5.3025864e+01
  -5.6025788e+01
  -5.6775006e+01
  -5.7975891e+01
  -5.9625391e+01
  -5.8125429e+01
  -6.1125353e+01
  -6.0525673e+01
  -6.2475776e+01
  -6.3075456e+01
  -6.0376135e+01
  -6.0826276e+01
  -5.7675288e+01
  -5.5876249e+01
  -5.1376364e+01
  -4.9275196e+01
  -4.5075914e+01
  -3.9526207e+01
  -3.5175860e+01
  -2.8725872e+01
  -2.3025101e+01
  -1.4774548e+01
  -8.1750210e+00
   7.5532158e-02
   5.7747768e+00
   1.6724651e+01
   2.3475242e+01
   3.0675975e+01
   3.8175784e+01
   4.2825208e+01
   4.9575799e+01
   5.3625544e+01
   5.6175326e+01
   5.6025788e+01
   5.8726635e+01
   5.9925994e+01
   5.8426032e+01
   5.3476005e+01
   5.2876326e+01
   5.1225299e+01
   4.7476158e+01
   4.3575952e+01
   4.2825208e+01
   3.7875181e+01
   3.5026322e+01
   3.3526360e+01
   2.9775692e+01
   2.2425422e+01
   1.8825818e+01
   1.2825971e+01
   8.9257649e+00
   3.0754559e+00
  -2.3247120e+00
  -9.3743801e+00
  -1.2375830e+01
  -1.7025254e+01
  -2.0325780e+01
  -2.5574884e+01
  -2.9925231e+01
  -3.2775616e+01
  -3.4875257e+01
  -3.8024720e+01
  -3.8024720e+01
  -3.9974823e+01
  -4.1775387e+01
  -4.1625849e+01
  -3.8325322e+01
  -3.7576104e+01
  -3.6675822e+01
  -3.7576104e+01
  -3.6974899e+01
  -3.5925078e+01
  -3.5474937e+01
  -3.2325475e+01
  -3.0524910e+01
  -2.8875410e+01
  -2.5124743e+01
  -2.1375601e+01
  -2.1375601e+01
  -1.9425498e+01
  -1.3724727e+01
  -1.1774624e+01
  -7.5753414e+00
  -3.9742123e+00
  -5.2414740e-01
   5.0255589e+00
   9.8245212e+00
   1.5224689e+01
   2.0325780e+01
   2.6325628e+01
   3.1126116e+01
   4.0275425e+01
   4.7625696e+01
   4.9876402e+01
   5.4525826e+01
   5.4826429e+01
   5.8575570e+01
   5.8426032e+01
   5.9925994e+01
   6.0226596e+01
   5.7826352e+01
   5.8726635e+01
   5.7675288e+01
   5.6025788e+01
   5.4075685e+01
   5.3926146e+01
   5.1976043e+01
   4.9876402e+01
   4.8075837e+01
   4.7926299e+01
   4.2225528e+01
   4.1625849e+01
   3.6375219e+01
   3.3526360e+01
   3.0076295e+01
   2.7074846e+01
   2.2275883e+01
   1.4925612e+01
   8.4756237e+00
   2.1751736e+00
  -6.5255207e+00
  -1.4774548e+01
  -2.1975280e+01
  -3.3825437e+01
  -3.9225605e+01
  -3.9375143e+01
  -3.6225681e+01
  -3.0825513e+01
  -2.3775845e+01
  -1.3875792e+01
  -2.3247120e+00
   5.4757000e+00
   1.0575265e+01
   1.4325933e+01
   2.1674678e+01
   2.7524987e+01
   3.1425193e+01
   3.7425040e+01
   4.1775387e+01
   4.7926299e+01
   5.1525902e+01
   5.6175326e+01
   5.6326390e+01
   5.6175326e+01
   5.5276570e+01
   4.9876402e+01
   4.9275196e+01
   4.7625696e+01
   4.5225452e+01
   4.2526131e+01
   3.9526207e+01
   3.5775540e+01
   2.9325551e+01
   2.6176089e+01
   1.8375677e+01
   1.4776074e+01
   9.5254444e+00
   2.9243915e+00
  -5.2414740e-01
  -5.4757000e+00
  -8.1750210e+00
  -1.3425650e+01
  -1.8224613e+01
  -2.2425422e+01
  -2.5275807e+01
  -2.8425269e+01
  -3.3524834e+01
  -3.7875181e+01
  -3.8325322e+01
  -3.8474861e+01
  -3.9825284e+01
  -3.9225605e+01
  -3.8625925e+01
  -4.0875105e+01
  -3.5626001e+01
  -3.4875257e+01
  -3.3074693e+01
  -2.7524987e+01
  -2.3325704e+01
  -1.8674754e+01
  -1.4025330e+01
  -9.3743801e+00
  -6.2249180e+00
  -2.0256352e+00
   3.9757382e+00
   8.0254826e+00
   1.1925689e+01
   1.6124971e+01
   2.2124819e+01
   2.5275807e+01
   2.8275731e+01
   3.0675975e+01
   3.1875334e+01
   3.5325399e+01
   3.8026246e+01
   4.0424964e+01
   4.2825208e+01
   4.6125734e+01
   4.7625696e+01
   5.2426184e+01
   5.3926146e+01
   5.2276646e+01
   5.5276570e+01
   5.5876249e+01
   5.4675364e+01
   5.6326390e+01
   5.5876249e+01
   5.5575647e+01
   5.7075608e+01
   5.7226673e+01
   5.7675288e+01
   5.9175250e+01
   5.7975891e+01
   5.7075608e+01
   5.6326390e+01
   5.6625467e+01
   5.7675288e+01
   5.5125505e+01
   5.1675441e+01
   5.1075761e+01
   4.9725338e+01
   4.6426337e+01
   4.2675669e+01
   4.0424964e+01
   3.6976425e+01
   3.6526284e+01
   3.0675975e+01
   2.5574884e+01
   2.0025177e+01
   1.4475471e+01
   8.1750210e+00
   3.0754559e+00
  -2.4742504e+00
  -9.9755856e+00
  -1.5525292e+01
  -2.1224537e+01
  -2.7225910e+01
  -3.2925154e+01
  -3.6375219e+01
  -4.0125887e+01
  -4.4175631e+01
  -4.5526055e+01
  -4.8825055e+01
  -4.9876402e+01
  -5.2426184e+01
  -4.8675517e+01
  -4.8976120e+01
  -4.7775235e+01
  -4.6125734e+01
  -4.4625772e+01
  -3.9825284e+01
  -3.6225681e+01
  -3.0524910e+01
  -3.0675975e+01
  -2.8275731e+01
  -2.3775845e+01
  -2.0325780e+01
  -1.7025254e+01
  -1.3125048e+01
  -1.0274662e+01
  -5.7747768e+00
  -2.3247120e+00
   2.6253147e+00
   8.4756237e+00
   1.2975509e+01
   1.8226139e+01
   2.2726024e+01
   2.3925383e+01
   2.9176013e+01
   3.1725795e+01
   3.4725719e+01
   3.6976425e+01
   3.7725643e+01
   4.0424964e+01
   3.9675746e+01
   3.9825284e+01
   4.0275425e+01
   3.7425040e+01
   3.9225605e+01
   4.0275425e+01
   4.0275425e+01
   4.0875105e+01
   3.8925002e+01
   3.8625925e+01
   3.7275502e+01
   3.6976425e+01
   3.4725719e+01
   3.3526360e+01
   3.2626078e+01
   3.0375372e+01
   3.0225834e+01
   2.8725872e+01
   2.6775769e+01
   2.6626230e+01
   2.5425345e+01
   2.3475242e+01
   2.2124819e+01
   2.1074998e+01
   1.8525216e+01
   1.5674830e+01
   1.4475471e+01
   1.3575189e+01
   1.1025406e+01
   7.4258030e+00
   6.9756619e+00
   4.7249561e+00
   1.8745708e+00
   6.7521172e-01
   6.7521172e-01
  -2.6253147e+00
  -6.2249180e+00
  -8.1750210e+00
  -9.9755856e+00
  -1.2525368e+01
  -1.3724727e+01
  -1.6274510e+01
  -1.9575036e+01
  -1.9274434e+01
  -2.1674678e+01
  -2.1674678e+01
  -2.4225986e+01
  -2.4375525e+01
  -2.6174563e+01
  -2.6775769e+01
  -2.6624704e+01
  -2.6624704e+01
  -2.5275807e+01
  -2.4225986e+01
  -2.0925460e+01
  -1.8975357e+01
  -1.4324407e+01
  -1.0874342e+01
  -6.9756619e+00
  -5.6252384e+00
  -8.2475013e-01
   4.5754177e+00
   7.4258030e+00
   1.1774624e+01
   1.9875639e+01
   2.3925383e+01
   2.6925307e+01
   3.2475013e+01
   3.6675822e+01
   4.2825208e+01
   4.6725414e+01
   5.0326543e+01
   5.3776608e+01
   5.7075608e+01
   5.5575647e+01
   5.4826429e+01
   5.5876249e+01
   5.3476005e+01
   5.1525902e+01
   4.4476234e+01
   3.8026246e+01
   2.6176089e+01
   1.4325933e+01
   3.0754559e+00
  -8.7747005e+00
  -1.4324407e+01
  -2.5875486e+01
  -3.4725719e+01
  -3.9825284e+01
  -4.2675669e+01
  -4.1924926e+01
  -4.2375067e+01
  -3.7125963e+01
  -3.3074693e+01
  -2.7225910e+01
  -2.0624857e+01
  -1.8975357e+01
  -1.5825895e+01
  -1.5674830e+01
  -1.2224765e+01
  -1.2224765e+01
  -1.2375830e+01
  -1.1925689e+01
  -1.3274586e+01
  -1.4774548e+01
  -1.3724727e+01
  -1.2674907e+01
  -3.9742123e+00
   2.1751736e+00
   6.2249180e+00
   1.0875868e+01
   1.2075227e+01
   1.7325856e+01
   1.8226139e+01
   2.0325780e+01
   2.0325780e+01
   1.9575036e+01
   1.8975357e+01
   1.6724651e+01
   1.4025330e+01
   1.3274586e+01
   9.2248417e+00
   7.7248798e+00
   6.3744564e+00
   4.8744945e+00
   3.3745327e+00
   2.2507057e-01
  -5.2414740e-01
  -8.2475013e-01
  -3.8246738e+00
  -4.7249561e+00
  -5.3246357e+00
  -6.0753796e+00
  -7.5753414e+00
  -8.1750210e+00
  -9.5254444e+00
  -8.6251621e+00
  -8.4756237e+00
  -8.0254826e+00
  -9.3743801e+00
  -7.5753414e+00
  -7.1252003e+00
  -6.5255207e+00
  -5.6252384e+00
  -3.8246738e+00
  -2.3247120e+00
  -7.5532158e-02
   3.0754559e+00
   6.3744564e+00
   8.0254826e+00
   1.5075151e+01
   1.5825895e+01
   1.7925536e+01
   1.9124895e+01
   2.0775921e+01
   2.2275883e+01
   2.5275807e+01
   2.6775769e+01
   2.5574884e+01
   2.8574807e+01
   2.8275731e+01
   3.0675975e+01
   2.9925231e+01
   7.1250477e+01
  -5.4900435e+01
  -4.6199741e+01
  -4.5749599e+01
  -4.5749599e+01
  -4.6500343e+01
  -4.6950484e+01
  -4.6050202e+01
  -4.6199741e+01
  -4.4699779e+01
  -4.6350805e+01
  -4.6950484e+01
  -4.5749599e+01
  -4.7251087e+01
  -4.6199741e+01
  -4.5749599e+01
  -4.6950484e+01
  -4.5600061e+01
  -4.8450446e+01
  -4.6050202e+01
  -4.8149844e+01
  -4.6050202e+01
  -4.6649882e+01
  -4.5149920e+01
  -4.6350805e+01
  -4.6199741e+01
  -4.7550164e+01
  -4.5600061e+01
  -4.7400626e+01
  -4.7400626e+01
  -4.8149844e+01
  -4.8900587e+01
  -4.9350729e+01
  -4.6050202e+01
  -4.8000305e+01
  -4.8149844e+01
  -4.6950484e+01
  -4.7850767e+01
  -4.9649805e+01
  -4.7550164e+01
  -4.6350805e+01
  -4.8149844e+01
  -4.7400626e+01
  -4.6350805e+01
  -4.7400626e+01
  -4.6350805e+01
  -4.9199664e+01
  -4.9199664e+01
  -4.6950484e+01
  -4.9350729e+01
  -4.7100023e+01
  -4.8149844e+01
  -4.6649882e+01
  -4.4100099e+01
  -4.5300984e+01
  -4.5149920e+01
  -4.2600137e+01
  -4.4550240e+01
  -4.2450599e+01
  -4.0950637e+01
  -3.9299611e+01
  -3.9000534e+01
  -3.7500572e+01
  -3.2700084e+01
  -3.1050584e+01
  -3.1349660e+01
  -2.6999313e+01
  -2.2499428e+01
  -1.9650568e+01
  -6.7490654e+00
   1.8005646e+00
   1.1850156e+01
   1.9650568e+01
   2.6401160e+01
   3.5400931e+01
   4.1550317e+01
   4.5601587e+01
   4.9051652e+01
   5.0400549e+01
   5.1601434e+01
   5.1900511e+01
   5.1300832e+01
   5.1900511e+01
   5.2201114e+01
   5.1001755e+01
   5.0850690e+01
   4.8151369e+01
   4.8601511e+01
   4.7101549e+01
   4.6651408e+01
   4.3651484e+01
   4.2450599e+01
   3.9301137e+01
   3.7801175e+01
   3.6600290e+01
   3.3450828e+01
   3.2401007e+01
   2.9700160e+01
   2.7000839e+01
   2.3550774e+01
   2.0100710e+01
   1.6800183e+01
   1.3200580e+01
   9.4499123e+00
   6.7505913e+00
   3.9002060e+00
   1.0498207e+00
  -1.1993591e+00
  -4.3503471e+00
  -5.5497063e+00
  -7.1992065e+00
  -8.9997711e+00
  -1.3049516e+01
  -1.2599374e+01
  -1.4250401e+01
  -1.4250401e+01
  -1.6649119e+01
  -1.8449683e+01
  -2.0849928e+01
  -2.1150530e+01
  -2.5200275e+01
  -2.7299916e+01
  -3.0150301e+01
  -3.2249943e+01
  -3.6299687e+01
  -3.6150149e+01
  -3.8849470e+01
  -4.0799573e+01
  -4.1699855e+01
  -4.4850843e+01
  -4.7100023e+01
  -4.6649882e+01
  -4.7850767e+01
  -4.8751049e+01
  -5.0099947e+01
  -4.9800870e+01
  -4.9199664e+01
  -5.0850690e+01
  -5.1149767e+01
  -5.1599908e+01
  -5.1450370e+01
  -5.2050050e+01
  -5.1149767e+01
  -5.2649729e+01
  -4.9950408e+01
  -5.0550088e+01
  -4.9199664e+01
  -4.9950408e+01
  -4.9199664e+01
  -4.8450446e+01
  -4.6350805e+01
  -4.4550240e+01
  -4.4550240e+01
  -4.1850919e+01
  -4.0500496e+01
  -3.5550469e+01
  -3.4950790e+01
  -3.1950866e+01
  -3.1650263e+01
  -2.9100481e+01
  -2.8050660e+01
  -2.6999313e+01
  -2.4600595e+01
  -2.2499428e+01
  -2.2200351e+01
  -2.0250248e+01
  -1.8449683e+01
  -1.6200504e+01
  -1.6649119e+01
  -1.6350042e+01
  -1.7700465e+01
  -1.7850004e+01
  -2.1600671e+01
  -2.2800031e+01
  -1.1250477e+01
  -5.6992447e+00
  -4.0497444e+00
  -4.6494240e+00
  -4.6494240e+00
  -4.7989624e+00
  -4.1992828e+00
  -6.5995270e+00
  -5.6992447e+00
  -5.8503090e+00
  -6.7490654e+00
  -5.9998474e+00
  -8.0994888e+00
  -8.5496300e+00
  -9.7505150e+00
  -9.5994507e+00
  -1.0350195e+01
  -1.1549554e+01
  -1.3200580e+01
  -1.4999619e+01
  -1.5149157e+01
  -1.7999542e+01
  -1.7850004e+01
  -2.1899748e+01
  -2.5050736e+01
  -2.8050660e+01
  -2.6250095e+01
  -2.6100557e+01
  -2.4449531e+01
  -2.4449531e+01
  -1.8449683e+01
  -9.4499123e+00
  -1.9501030e+00
   5.7007706e+00
   1.3501183e+01
   2.3401236e+01
   3.0000763e+01
   3.6000610e+01
   4.1251240e+01
   4.6651408e+01
   4.8450446e+01
   4.9800870e+01
   5.1300832e+01
   5.3400473e+01
   5.3850614e+01
   5.2501717e+01
   5.2800793e+01
   5.1001755e+01
   5.1151293e+01
   4.9051652e+01
   4.6350805e+01
   4.3801022e+01
   3.8400855e+01
   3.7050431e+01
   3.2851148e+01
   3.3301289e+01
   2.8650340e+01
   2.7901122e+01
   2.4600595e+01
   2.3250172e+01
   2.0100710e+01
   1.7700465e+01
   1.5300221e+01
   1.3350118e+01
   1.0051118e+01
   7.6508736e+00
   5.4001678e+00
   4.8004883e+00
   1.6510262e+00
   1.6510262e+00
   5.9967956e-01
  -1.1993591e+00
  -2.5497826e+00
  -5.0995651e+00
  -5.6992447e+00
  -7.6493477e+00
  -8.9997711e+00
  -9.7505150e+00
  -1.1699092e+01
  -1.0649271e+01
  -1.1999695e+01
  -1.4850080e+01
  -1.6949722e+01
  -1.8449683e+01
  -2.1750210e+01
  -2.3100633e+01
  -2.4600595e+01
  -2.8500801e+01
  -2.9550622e+01
  -3.1500725e+01
  -3.3749905e+01
  -3.7050431e+01
  -3.8100252e+01
  -3.8699931e+01
  -3.9900816e+01
  -4.2000458e+01
  -4.2299535e+01
  -4.4550240e+01
  -4.3649958e+01
  -4.5149920e+01
  -4.6199741e+01
  -4.6199741e+01
  -4.6649882e+01
  -4.7550164e+01
  -4.8751049e+01
  -4.8300908e+01
  -4.8149844e+01
  -4.8300908e+01
  -5.0701152e+01
  -5.0550088e+01
  -5.0701152e+01
  -4.9199664e+01
  -5.0550088e+01
  -4.9199664e+01
  -5.0251011e+01
  -4.8149844e+01
  -4.9199664e+01
  -4.9050126e+01
  -4.8000305e+01
  -4.6649882e+01
  -4.6199741e+01
  -4.6350805e+01
  -4.5749599e+01
  -4.6199741e+01
  -4.6199741e+01
  -4.5149920e+01
  -4.5149920e+01
  -4.3649958e+01
  -4.3649958e+01
  -4.3801022e+01
  -4.2900740e+01
  -4.2749676e+01
  -4.1400778e+01
  -3.9600214e+01
  -4.1100175e+01
  -3.9900816e+01
  -3.8699931e+01
  -3.9150072e+01
  -3.7500572e+01
  -3.5249866e+01
  -3.5399405e+01
  -3.2399481e+01
  -3.0150301e+01
  -2.8949416e+01
  -2.7600519e+01
  -2.6250095e+01
  -2.5349813e+01
  -2.2349889e+01
  -2.0399786e+01
  -1.7850004e+01
  -1.6649119e+01
  -1.4999619e+01
  -1.1699092e+01
  -6.9001297e+00
  -2.0996414e+00
   2.9999237e+00
   3.9002060e+00
  -2.9907683e-01
  -1.4999619e+00
  -2.8503853e+00
  -1.4999619e+00
  -1.6495003e+00
  -2.9907683e-01
  -5.9967956e-01
   4.5014115e-01
   2.1011673e+00
   2.1011673e+00
   2.2507057e+00
   7.5074388e-01
   2.5497826e+00
  -5.9967956e-01
  -2.9999237e+00
  -4.7989624e+00
  -6.9001297e+00
  -8.8502327e+00
  -1.1250477e+01
  -1.2899977e+01
  -1.3200580e+01
  -1.7099260e+01
  -1.6649119e+01
  -1.8599222e+01
  -2.1300069e+01
  -2.3100633e+01
  -2.3700313e+01
  -2.6100557e+01
  -2.7899596e+01
  -2.9700160e+01
  -3.2550546e+01
  -3.3299763e+01
  -3.4500649e+01
  -3.6000610e+01
  -3.6299687e+01
  -3.6299687e+01
  -3.6900893e+01
  -3.6600290e+01
  -3.7950713e+01
  -3.6900893e+01
  -3.5399405e+01
  -3.5100328e+01
  -3.3600366e+01
  -3.2550546e+01
  -3.0749981e+01
  -3.0600443e+01
  -2.7299916e+01
  -2.8050660e+01
  -2.4299992e+01
  -2.0849928e+01
  -1.8750286e+01
  -1.4999619e+01
  -9.9000534e+00
  -4.0497444e+00
   1.6510262e+00
   6.7505913e+00
   1.4551003e+01
   1.9650568e+01
   2.6250095e+01
   3.0751507e+01
   3.4500649e+01
   3.5400931e+01
   3.8100252e+01
   4.0350958e+01
   4.3350881e+01
   4.7400626e+01
   4.6350805e+01
   4.9350729e+01
   4.8601511e+01
   5.1001755e+01
   5.1300832e+01
   5.1001755e+01
   4.9350729e+01
   4.9800870e+01
   4.9800870e+01
   4.8900587e+01
   4.7251087e+01
   4.7251087e+01
   4.5751125e+01
   4.3651484e+01
   4.2450599e+01
   4.0801099e+01
   3.9900816e+01
   3.5251392e+01
   3.5251392e+01
   3.1351186e+01
   3.0000763e+01
   2.8801404e+01
   2.7750057e+01
   2.4000916e+01
   2.5500877e+01
   2.3100633e+01
   2.3700313e+01
   2.3550774e+01
   2.2800031e+01
   2.3550774e+01
   2.1901274e+01
   1.9050889e+01
   1.9501030e+01
   1.7100786e+01
   1.5300221e+01
   1.4850080e+01
   1.3951324e+01
   1.1700618e+01
   1.0051118e+01
   9.4499123e+00
   8.4000916e+00
   7.9499504e+00
   5.7007706e+00
   5.8503090e+00
   4.9500267e+00
   2.7008469e+00
   1.8005646e+00
   2.1011673e+00
   2.2507057e+00
  -5.9967956e-01
  -3.4500649e+00
  -2.8503853e+00
  -5.6992447e+00
  -6.5995270e+00
  -7.9499504e+00
  -8.6991684e+00
  -1.0499733e+01
  -1.2300298e+01
  -1.4399939e+01
  -1.6350042e+01
  -2.0250248e+01
  -2.1150530e+01
  -2.2800031e+01
  -2.3100633e+01
  -2.3999390e+01
  -2.5799954e+01
  -2.8050660e+01
  -2.7899596e+01
  -2.8799878e+01
  -3.0000763e+01
  -3.1349660e+01
  -3.3749905e+01
  -3.6150149e+01
  -3.7199969e+01
  -3.7950713e+01
  -3.9150072e+01
  -4.0050355e+01
  -3.8400855e+01
  -3.9749752e+01
  -4.0950637e+01
  -4.0650034e+01
  -4.2900740e+01
  -4.2450599e+01
  -4.2299535e+01
  -4.1400778e+01
  -4.1699855e+01
  -4.0500496e+01
  -3.9600214e+01
  -3.6900893e+01
  -3.5100328e+01
  -3.6000610e+01
  -3.4650187e+01
  -3.0899519e+01
  -3.2700084e+01
  -2.9849699e+01
  -3.0150301e+01
  -2.7899596e+01
  -2.5200275e+01
  -2.4899672e+01
  -2.3999390e+01
  -2.3399710e+01
  -2.4150454e+01
  -2.1300069e+01
  -2.0849928e+01
  -2.0700389e+01
  -1.6800183e+01
  -1.6800183e+01
  -1.4850080e+01
  -1.3649195e+01
  -1.3049516e+01
  -1.1250477e+01
  -1.0800336e+01
  -9.3003738e+00
  -9.7505150e+00
  -8.0994888e+00
  -7.6493477e+00
  -5.8503090e+00
  -5.5497063e+00
  -7.1992065e+00
  -7.0496681e+00
  -8.4000916e+00
  -1.0499733e+01
  -1.4250401e+01
  -1.3949798e+01
  -1.3499657e+01
  -1.5300221e+01
  -2.0549325e+01
  -2.1449607e+01
  -2.2800031e+01
  -2.8050660e+01
  -3.0449378e+01
  -3.0899519e+01
  -3.3450828e+01
  -3.3299763e+01
  -3.4500649e+01
  -3.4200046e+01
  -3.6600290e+01
  -3.5550469e+01
  -3.6900893e+01
  -3.4500649e+01
  -3.7199969e+01
  -3.7349508e+01
  -3.8849470e+01
  -3.8249790e+01
  -3.6900893e+01
  -3.5100328e+01
  -3.3600366e+01
  -3.6150149e+01
  -3.5100328e+01
  -3.4650187e+01
  -3.2550546e+01
  -3.1349660e+01
  -2.9100481e+01
  -2.6999313e+01
  -2.5499351e+01
  -2.6399634e+01
  -2.2499428e+01
  -2.1750210e+01
  -1.7250324e+01
  -1.4250401e+01
  -1.1549554e+01
  -7.0496681e+00
  -2.5497826e+00
   3.6011292e+00
   8.4000916e+00
   1.3051041e+01
   1.8001068e+01
   1.9800107e+01
   2.3700313e+01
   2.8050660e+01
   3.1801328e+01
   3.5100328e+01
   3.7050431e+01
   3.6600290e+01
   3.8251316e+01
   3.7801175e+01
   3.8251316e+01
   3.5400931e+01
   3.3751431e+01
   3.1500725e+01
   2.5951019e+01
   2.4750134e+01
   2.0550851e+01
   1.8001068e+01
   1.8150607e+01
   1.6650645e+01
   1.6650645e+01
   1.7250324e+01
   1.8150607e+01
   1.9501030e+01
   1.9650568e+01
   2.2800031e+01
   2.1901274e+01
   2.3100633e+01
   2.3550774e+01
   2.2650492e+01
   2.3401236e+01
   2.3550774e+01
   2.1600671e+01
   1.9050889e+01
   1.5899901e+01
   1.6050965e+01
   1.2449836e+01
   9.4499123e+00
   6.3004501e+00
   4.4998856e+00
   3.3005264e+00
   1.5106432e-01
  -3.4500649e+00
  -8.0994888e+00
  -1.2599374e+01
  -1.3350118e+01
  -1.8599222e+01
  -2.3549248e+01
  -2.6849775e+01
  -3.1500725e+01
  -3.4950790e+01
  -3.8100252e+01
  -3.8849470e+01
  -4.4400702e+01
  -4.3500420e+01
  -4.6199741e+01
  -4.5749599e+01
  -4.9050126e+01
  -4.9649805e+01
  -5.0251011e+01
  -5.0550088e+01
  -5.1149767e+01
  -5.0550088e+01
  -5.0550088e+01
  -5.1450370e+01
  -4.9350729e+01
  -5.0099947e+01
  -4.9050126e+01
  -4.8450446e+01
  -4.6950484e+01
  -4.3350881e+01
  -4.3649958e+01
  -4.2450599e+01
  -3.7950713e+01
  -3.3150225e+01
  -2.9100481e+01
  -2.5799954e+01
  -2.1449607e+01
  -1.5750362e+01
  -1.1999695e+01
  -9.7505150e+00
  -5.8503090e+00
  -4.6494240e+00
  -1.6495003e+00
   1.2008850e+00
   5.9967956e-01
   4.8004883e+00
   5.4001678e+00
   5.7007706e+00
   7.0511940e+00
   5.8503090e+00
   7.0511940e+00
   5.4001678e+00
   5.1010910e+00
   3.1509880e+00
   3.1509880e+00
   1.0498207e+00
   1.3504234e+00
  -2.9907683e-01
  -1.1993591e+00
  -2.5497826e+00
  -3.7491417e+00
  -2.9999237e+00
  -4.1992828e+00
  -5.2491035e+00
  -4.7989624e+00
  -4.1992828e+00
  -1.9501030e+00
   9.9000534e+00
   1.6200504e+01
   2.3550774e+01
   3.2401007e+01
   3.9301137e+01
   4.5151446e+01
   4.9800870e+01
   5.1300832e+01
   5.1300832e+01
   5.1300832e+01
   5.0701152e+01
   5.2051575e+01
   5.0400549e+01
   4.8450446e+01
   4.6201266e+01
   4.2751202e+01
   4.0801099e+01
   3.5100328e+01
   3.0600443e+01
   2.5650416e+01
   2.5200275e+01
   2.6401160e+01
   2.4750134e+01
   2.7150378e+01
   2.7301442e+01
   2.9251545e+01
   2.7000839e+01
   2.6250095e+01
   2.3401236e+01
   2.4600595e+01
   2.0100710e+01
   1.9800107e+01
   1.6200504e+01
   1.4100862e+01
   1.2300298e+01
   9.4499123e+00
   9.6009766e+00
   5.4001678e+00
   4.4998856e+00
   2.4002441e+00
  -1.9501030e+00
  -4.0497444e+00
  -5.9998474e+00
  -1.3049516e+01
  -1.7999542e+01
  -2.3700313e+01
  -2.8949416e+01
  -3.1950866e+01
  -3.5399405e+01
  -3.9150072e+01
  -3.9900816e+01
  -4.4550240e+01
  -4.7400626e+01
  -4.8149844e+01
  -5.0701152e+01
  -5.1599908e+01
  -5.3550011e+01
  -5.1149767e+01
  -5.3850614e+01
  -5.2500191e+01
  -5.0550088e+01
  -5.1149767e+01
  -5.0550088e+01
  -4.7100023e+01
  -4.5450523e+01
  -4.3350881e+01
  -4.0650034e+01
  -3.8849470e+01
  -3.8249790e+01
  -3.7799649e+01
  -3.6000610e+01
  -3.2249943e+01
  -2.9550622e+01
  -2.9250019e+01
  -2.6399634e+01
  -2.5050736e+01
  -2.1750210e+01
  -2.0399786e+01
  -1.7999542e+01
  -1.6949722e+01
  -1.4250401e+01
  -1.3949798e+01
  -1.2300298e+01
  -1.3200580e+01
  -1.0499733e+01
  -1.1999695e+01
  -9.9000534e+00
  -1.0649271e+01
  -1.0649271e+01
  -9.5994507e+00
  -9.4499123e+00
  -1.0499733e+01
  -1.0649271e+01
  -1.0649271e+01
  -1.2149233e+01
  -1.4250401e+01
  -1.5750362e+01
  -1.5899901e+01
  -1.6949722e+01
  -1.7999542e+01
  -1.8449683e+01
  -2.0700389e+01
  -2.1150530e+01
  -2.1449607e+01
  -2.2650492e+01
  -2.2650492e+01
  -2.3399710e+01
  -2.2650492e+01
  -2.1300069e+01
  -2.1600671e+01
  -1.9949645e+01
  -1.8899825e+01
  -1.6200504e+01
  -1.3350118e+01
  -8.0994888e+00
  -4.3503471e+00
  -1.4999619e+00
   3.1509880e+00
   5.8503090e+00
   9.4499123e+00
   1.1850156e+01
   1.6050965e+01
   1.9200427e+01
   2.1750210e+01
   2.6250095e+01
   2.9251545e+01
   3.1801328e+01
   3.3900969e+01
   3.5251392e+01
   3.7500572e+01
   3.7351034e+01
   3.7950713e+01
   3.9751278e+01
   4.1251240e+01
   4.2751202e+01
   4.4701305e+01
   4.6350805e+01
   4.6201266e+01
   4.6651408e+01
   4.6950484e+01
   5.0251011e+01
   4.9051652e+01
   4.9800870e+01
   4.9051652e+01
   4.9950408e+01
   4.7400626e+01
   4.6350805e+01
   4.7101549e+01
   4.7101549e+01
   4.1701381e+01
   4.3950561e+01
   4.2601663e+01
   4.0651560e+01
   3.8100252e+01
   3.9000534e+01
   3.7351034e+01
   3.9151598e+01
   3.8400855e+01
   3.9000534e+01
   3.8701457e+01
   3.6900893e+01
   3.6600290e+01
   3.7801175e+01
   3.7351034e+01
   3.8100252e+01
   3.7950713e+01
   3.7201495e+01
   3.7351034e+01
   3.7801175e+01
   3.7500572e+01
   3.6600290e+01
   3.7351034e+01
   3.6900893e+01
   3.7050431e+01
   3.6301213e+01
   3.6151675e+01
   3.2851148e+01
   3.3301289e+01
   3.1650263e+01
   3.1650263e+01
   2.9251545e+01
   2.6550698e+01
   2.5200275e+01
   2.4600595e+01
   2.2650492e+01
   2.0851453e+01
   1.8750286e+01
   1.7850004e+01
   1.4850080e+01
   1.1551080e+01
   7.9499504e+00
   7.9499504e+00
   2.9999237e+00
   7.5074388e-01
  -3.1494621e+00
  -5.0995651e+00
  -8.4000916e+00
  -1.2300298e+01
  -1.4999619e+01
  -1.8599222e+01
  -1.9800107e+01
  -2.5050736e+01
  -2.9250019e+01
  -3.3450828e+01
  -3.5249866e+01
  -4.0650034e+01
  -4.3801022e+01
  -4.5749599e+01
  -4.9199664e+01
  -4.8149844e+01
  -5.1149767e+01
  -5.1900511e+01
  -5.0251011e+01
  -4.9950408e+01
  -4.9050126e+01
  -4.5749599e+01
  -4.4100099e+01
  -4.0799573e+01
  -3.7500572e+01
  -3.4950790e+01
  -3.0000763e+01
  -2.6700237e+01
  -2.1449607e+01
  -1.6949722e+01
  -1.3049516e+01
  -9.4499123e+00
  -7.6493477e+00
  -6.7490654e+00
  -6.5995270e+00
  -5.0995651e+00
  -5.0995651e+00
  -5.9998474e+00
  -5.2491035e+00
  -6.3004501e+00
  -7.1992065e+00
  -4.6494240e+00
  -3.4500649e+00
  -1.0498207e+00
  -2.9907683e-01
   6.7505913e+00
   1.3200580e+01
   2.2200351e+01
   3.0000763e+01
   3.5400931e+01
   4.0350958e+01
   4.1101701e+01
   4.6651408e+01
   4.8601511e+01
   4.7101549e+01
   4.8001831e+01
   4.7400626e+01
   4.4551766e+01
   4.1550317e+01
   3.5701534e+01
   2.9100481e+01
   2.1600671e+01
   1.7250324e+01
   1.4250401e+01
   1.5001144e+01
   1.6951247e+01
   2.0550851e+01
   2.1000992e+01
   2.3401236e+01
   1.9800107e+01
   2.2500954e+01
   2.1600671e+01
   2.1300069e+01
   1.6200504e+01
   1.0949874e+01
   5.9998474e+00
  -2.9907683e-01
  -7.0496681e+00
  -1.3499657e+01
  -1.8899825e+01
  -2.6700237e+01
  -2.8500801e+01
  -3.1349660e+01
  -3.5399405e+01
  -3.6900893e+01
  -3.7500572e+01
  -3.9000534e+01
  -4.2000458e+01
  -4.1850919e+01
  -4.3649958e+01
  -4.3649958e+01
  -4.4100099e+01
  -4.6500343e+01
  -4.7850767e+01
  -4.8300908e+01
  -4.9199664e+01
  -4.9649805e+01
  -5.0099947e+01
  -5.0550088e+01
  -5.1000229e+01
  -5.0550088e+01
  -5.0099947e+01
  -5.0850690e+01
  -4.9800870e+01
  -4.9649805e+01
  -4.9199664e+01
  -4.8751049e+01
  -4.6950484e+01
  -4.7251087e+01
  -4.6050202e+01
  -4.4699779e+01
  -4.3500420e+01
  -4.3500420e+01
  -4.2450599e+01
  -4.0950637e+01
  -4.1400778e+01
  -4.0199893e+01
  -4.1699855e+01
  -3.9299611e+01
  -4.1100175e+01
  -1.3155261e+02
  -2.3925383e+02
